_id,CH_SYMBOL,CH_SERIES,CH_MARKET_TYPE,CH_TRADE_HIGH_PRICE,CH_TRADE_LOW_PRICE,CH_OPENING_PRICE,CH_CLOSING_PRICE,CH_LAST_TRADED_PRICE,CH_PREVIOUS_CLS_PRICE,CH_TOT_TRADED_QTY,CH_TOT_TRADED_VAL,CH_52WEEK_HIGH_PRICE,CH_52WEEK_LOW_PRICE,CH_TOTAL_TRADES,CH_ISIN,CH_TIMESTAMP,TIMESTAMP,createdAt,updatedAt,__v,SLBMH_TOT_VAL,VWAP,mTIMESTAMP,CA
641e9447ff5c30000704e18a,KOTAKBANK,EQ,N,1691.25,1670.35,1690.4,1684.35,1685.0,1690.4,1969679,3305103723.0,1734.8,1198.0,51006,INE237A01028,2019-12-31,2019-12-30T18:30:00.000Z,2023-03-25T06:27:19.572Z,2023-03-25T06:27:19.572Z,0,,1677.99,31-Dec-2019,
641e94b617bd4600074aa123,KOTAKBANK,EQ,N,1706.8,1685.5,1690.0,1690.4,1687.0,1685.6,1868284,3167739389.45,1734.8,1198.0,76163,INE237A01028,2019-12-30,2019-12-29T18:30:00.000Z,2023-03-25T06:29:10.807Z,2023-03-25T06:29:10.807Z,0,,1695.53,30-Dec-2019,
641e94155510ab0007ecbc2d,KOTAKBANK,EQ,N,1705.0,1681.35,1705.0,1685.6,1687.9,1694.25,1529366,2584013887.1,1734.8,1198.0,81727,INE237A01028,2019-12-27,2019-12-26T18:30:00.000Z,2023-03-25T06:26:29.396Z,2023-03-25T06:26:29.396Z,0,,1689.6,27-Dec-2019,
641e94cac151a8000699dc5d,KOTAKBANK,EQ,N,1715.0,1689.7,1711.05,1694.25,1695.0,1711.55,1646970,2800449539.5,1734.8,1198.0,70220,INE237A01028,2019-12-26,2019-12-25T18:30:00.000Z,2023-03-25T06:29:30.738Z,2023-03-25T06:29:30.738Z,0,,1700.36,26-Dec-2019,
641e9466a077ee000755f9b4,KOTAKBANK,EQ,N,1716.5,1700.0,1704.95,1711.55,1712.8,1704.9,1702704,2911262335.5,1734.8,1198.0,76868,INE237A01028,2019-12-24,2019-12-23T18:30:00.000Z,2023-03-25T06:27:50.319Z,2023-03-25T06:27:50.319Z,0,,1709.79,24-Dec-2019,
641e947155d8040007bfd65b,KOTAKBANK,EQ,N,1711.2,1695.1,1699.0,1704.9,1702.4,1692.7,1745488,2974569209.95,1734.8,1198.0,97857,INE237A01028,2019-12-23,2019-12-22T18:30:00.000Z,2023-03-25T06:28:01.146Z,2023-03-25T06:28:01.146Z,0,,1704.15,23-Dec-2019,
641e94984708d5000724444e,KOTAKBANK,EQ,N,1724.4,1687.3,1723.15,1692.7,1694.3,1729.5,3058679,5218490279.15,1734.8,1198.0,148700,INE237A01028,2019-12-20,2019-12-19T18:30:00.000Z,2023-03-25T06:28:40.093Z,2023-03-25T06:28:40.093Z,0,,1706.13,20-Dec-2019,
641e94282405c5000796d6fe,KOTAKBANK,EQ,N,1734.8,1715.3,1724.95,1729.5,1728.0,1724.35,2701502,4661494381.6,1734.8,1198.0,92363,INE237A01028,2019-12-19,2019-12-18T18:30:00.000Z,2023-03-25T06:26:48.527Z,2023-03-25T06:26:48.527Z,0,,1725.52,19-Dec-2019,
641e948e4334450007b4e7c4,KOTAKBANK,EQ,N,1725.95,1706.3,1719.0,1724.35,1724.0,1713.3,4592668,7885414486.55,1730.0,1198.0,127031,INE237A01028,2019-12-18,2019-12-17T18:30:00.000Z,2023-03-25T06:28:30.090Z,2023-03-25T06:28:30.090Z,0,,1716.96,18-Dec-2019,
641e94d5a077ee00075609c1,KOTAKBANK,EQ,N,1721.4,1708.6,1716.05,1713.3,1713.3,1703.95,2646882,4535744129.45,1730.0,1198.0,81573,INE237A01028,2019-12-17,2019-12-16T18:30:00.000Z,2023-03-25T06:29:41.475Z,2023-03-25T06:29:41.475Z,0,,1713.62,17-Dec-2019,
641e947925e37500078646fa,KOTAKBANK,EQ,N,1730.0,1694.0,1694.0,1703.95,1708.0,1692.75,3662127,6272774661.3,1730.0,1198.0,141561,INE237A01028,2019-12-16,2019-12-15T18:30:00.000Z,2023-03-25T06:28:09.979Z,2023-03-25T06:28:09.979Z,0,,1712.88,16-Dec-2019,
641e94846e7d520007c690af,KOTAKBANK,EQ,N,1719.0,1687.25,1716.2,1692.75,1691.5,1715.6,3527634,5988877134.85,1720.0,1171.0,105271,INE237A01028,2019-12-13,2019-12-12T18:30:00.000Z,2023-03-25T06:28:20.026Z,2023-03-25T06:28:20.026Z,0,,1697.7,13-Dec-2019,
641e941e4334450007b4de47,KOTAKBANK,EQ,N,1720.0,1682.0,1690.2,1715.6,1715.0,1686.55,2695588,4586357329.3,1720.0,1171.0,72856,INE237A01028,2019-12-12,2019-12-11T18:30:00.000Z,2023-03-25T06:26:38.476Z,2023-03-25T06:26:38.476Z,0,,1701.43,12-Dec-2019,
641e9432adde0b0007cf1c9c,KOTAKBANK,EQ,N,1690.85,1659.1,1666.0,1686.55,1685.7,1662.4,2029117,3403396981.95,1690.85,1171.0,92315,INE237A01028,2019-12-11,2019-12-10T18:30:00.000Z,2023-03-25T06:26:58.834Z,2023-03-25T06:26:58.834Z,0,,1677.28,11-Dec-2019,
641e943da077ee000755ec87,KOTAKBANK,EQ,N,1665.95,1651.05,1665.0,1662.4,1663.75,1659.25,1413156,2344917338.05,1683.95,1171.0,64613,INE237A01028,2019-12-10,2019-12-09T18:30:00.000Z,2023-03-25T06:27:09.003Z,2023-03-25T06:27:09.003Z,0,,1659.35,10-Dec-2019,
641e945b3dfde30007cbaefa,KOTAKBANK,EQ,N,1679.0,1656.5,1677.95,1659.25,1660.0,1674.3,1893740,3154833716.65,1683.95,1171.0,83670,INE237A01028,2019-12-09,2019-12-08T18:30:00.000Z,2023-03-25T06:27:39.746Z,2023-03-25T06:27:39.746Z,0,,1665.93,09-Dec-2019,
641e94c12c03d7000701c003,KOTAKBANK,EQ,N,1680.0,1643.3,1650.0,1674.3,1676.25,1649.3,3799507,6343282506.2,1683.95,1171.0,85107,INE237A01028,2019-12-06,2019-12-05T18:30:00.000Z,2023-03-25T06:29:21.460Z,2023-03-25T06:29:21.460Z,0,,1669.5,06-Dec-2019,
641e945128313b0007cbd37a,KOTAKBANK,EQ,N,1660.0,1640.4,1651.25,1649.3,1646.35,1651.25,2936890,4847703730.1,1683.95,1171.0,94553,INE237A01028,2019-12-05,2019-12-04T18:30:00.000Z,2023-03-25T06:27:29.520Z,2023-03-25T06:27:29.520Z,0,,1650.62,05-Dec-2019,
641e94df1f65df0007b35290,KOTAKBANK,EQ,N,1659.9,1633.2,1643.3,1651.25,1648.6,1646.75,2704079,4445773128.85,1683.95,1171.0,124633,INE237A01028,2019-12-04,2019-12-03T18:30:00.000Z,2023-03-25T06:29:51.637Z,2023-03-25T06:29:51.637Z,0,,1644.1,04-Dec-2019,
641e94a34334450007b4f59d,KOTAKBANK,EQ,N,1650.0,1631.45,1634.5,1646.75,1649.95,1633.0,2321783,3812130804.3,1683.95,1171.0,70684,INE237A01028,2019-12-03,2019-12-02T18:30:00.000Z,2023-03-25T06:28:51.294Z,2023-03-25T06:28:51.294Z,0,,1641.9,03-Dec-2019,
641e94aca077ee000755fded,KOTAKBANK,EQ,N,1636.5,1600.2,1614.5,1633.0,1631.0,1615.2,2289704,3721574658.85,1683.95,1171.0,71336,INE237A01028,2019-12-02,2019-12-01T18:30:00.000Z,2023-03-25T06:29:00.429Z,2023-03-25T06:29:00.429Z,0,,1625.35,02-Dec-2019,
641e939a17bd4600074a956a,KOTAKBANK,EQ,N,1622.0,1592.3,1610.0,1615.2,1608.0,1615.0,1730478,2778636803.15,1683.95,1153.05,53746,INE237A01028,2019-11-29,2019-11-28T18:30:00.000Z,2023-03-25T06:24:26.757Z,2023-03-25T06:24:26.757Z,0,,1605.7,29-Nov-2019,
641e940931da23000790a43a,KOTAKBANK,EQ,N,1626.1,1607.1,1617.0,1615.0,1616.5,1617.9,2237760,3614537686.65,1683.95,1153.05,61225,INE237A01028,2019-11-28,2019-11-27T18:30:00.000Z,2023-03-25T06:26:17.866Z,2023-03-25T06:26:17.866Z,0,,1615.25,28-Nov-2019,
641e93eb353f0e0007d1503c,KOTAKBANK,EQ,N,1624.0,1601.7,1604.95,1617.9,1621.55,1604.4,2040883,3302475006.25,1683.95,1153.05,63435,INE237A01028,2019-11-27,2019-11-26T18:30:00.000Z,2023-03-25T06:25:47.811Z,2023-03-25T06:25:47.811Z,0,,1618.16,27-Nov-2019,
641e93e24334450007b4d6bf,KOTAKBANK,EQ,N,1610.5,1591.3,1601.0,1604.4,1605.0,1603.65,1556808,2493961844.0,1683.95,1153.05,49268,INE237A01028,2019-11-26,2019-11-25T18:30:00.000Z,2023-03-25T06:25:38.143Z,2023-03-25T06:25:38.143Z,0,,1601.97,26-Nov-2019,
641e9369486b700006333e74,KOTAKBANK,EQ,N,1606.0,1570.05,1574.0,1603.65,1600.05,1569.1,2018421,3214791834.85,1683.95,1153.05,54705,INE237A01028,2019-11-25,2019-11-24T18:30:00.000Z,2023-03-25T06:23:37.975Z,2023-03-25T06:23:37.975Z,0,,1592.73,25-Nov-2019,
641e93b0713bb70007c87c5c,KOTAKBANK,EQ,N,1593.9,1565.1,1591.95,1569.1,1568.9,1595.25,1862434,2928832421.65,1683.95,1153.05,67422,INE237A01028,2019-11-22,2019-11-21T18:30:00.000Z,2023-03-25T06:24:48.376Z,2023-03-25T06:24:48.376Z,0,,1572.58,22-Nov-2019,
641e934bd4c2be000759cc13,KOTAKBANK,EQ,N,1604.9,1587.5,1603.45,1595.25,1595.15,1599.45,1673814,2667875823.65,1683.95,1153.05,72443,INE237A01028,2019-11-21,2019-11-20T18:30:00.000Z,2023-03-25T06:23:07.196Z,2023-03-25T06:23:07.196Z,0,,1593.89,21-Nov-2019,
641e93ff5510ab0007ecae24,KOTAKBANK,EQ,N,1623.8,1596.2,1623.0,1599.45,1601.15,1623.8,1562436,2513025287.65,1683.95,1153.05,45118,INE237A01028,2019-11-20,2019-11-19T18:30:00.000Z,2023-03-25T06:26:07.834Z,2023-03-25T06:26:07.834Z,0,,1608.4,20-Nov-2019,
641e9372d4c2be000759ceff,KOTAKBANK,EQ,N,1631.1,1614.15,1629.9,1623.8,1623.0,1627.2,1596482,2591680546.3,1683.95,1153.05,47266,INE237A01028,2019-11-19,2019-11-18T18:30:00.000Z,2023-03-25T06:23:46.472Z,2023-03-25T06:23:46.472Z,0,,1623.37,19-Nov-2019,
641e93f60125d8000745f125,KOTAKBANK,EQ,N,1635.0,1616.55,1626.65,1627.2,1627.5,1622.75,2014974,3280320037.75,1683.95,1153.05,79095,INE237A01028,2019-11-18,2019-11-17T18:30:00.000Z,2023-03-25T06:25:58.987Z,2023-03-25T06:25:58.987Z,0,,1627.97,18-Nov-2019,
641e937c31da23000790933a,KOTAKBANK,EQ,N,1629.0,1602.5,1606.0,1622.75,1623.25,1597.6,2068406,3346409911.0,1683.95,1122.4,66101,INE237A01028,2019-11-15,2019-11-14T18:30:00.000Z,2023-03-25T06:23:56.559Z,2023-03-25T06:23:56.559Z,0,,1617.87,15-Nov-2019,
641e93a503c7b1000775ce21,KOTAKBANK,EQ,N,1610.4,1584.05,1606.0,1597.6,1602.25,1605.8,2639298,4208894506.2,1683.95,1122.4,108437,INE237A01028,2019-11-14,2019-11-13T18:30:00.000Z,2023-03-25T06:24:37.134Z,2023-03-25T06:24:37.134Z,0,,1594.7,14-Nov-2019,
641e935425e3750007863d16,KOTAKBANK,EQ,N,1628.0,1601.1,1617.0,1605.8,1606.0,1616.9,2603834,4207946926.2,1683.95,1122.4,97881,INE237A01028,2019-11-13,2019-11-12T18:30:00.000Z,2023-03-25T06:23:16.101Z,2023-03-25T06:23:16.101Z,0,,1616.06,13-Nov-2019,
641e93c44334450007b4d149,KOTAKBANK,EQ,N,1619.4,1592.0,1594.9,1616.9,1619.0,1600.25,2923574,4712666598.95,1683.95,1122.4,105551,INE237A01028,2019-11-11,2019-11-10T18:30:00.000Z,2023-03-25T06:25:08.572Z,2023-03-25T06:25:08.572Z,0,,1611.95,11-Nov-2019,
641e93874708d50007243c2f,KOTAKBANK,EQ,N,1606.0,1572.0,1578.9,1600.25,1599.7,1584.0,3913627,6227887334.85,1683.95,1115.5,101181,INE237A01028,2019-11-08,2019-11-07T18:30:00.000Z,2023-03-25T06:24:07.032Z,2023-03-25T06:24:07.032Z,0,,1591.33,08-Nov-2019,
641e93d731da230007909b8f,KOTAKBANK,EQ,N,1587.0,1558.95,1577.0,1584.0,1585.9,1571.05,2511912,3962920345.6,1683.95,1115.5,83847,INE237A01028,2019-11-07,2019-11-06T18:30:00.000Z,2023-03-25T06:25:27.342Z,2023-03-25T06:25:27.342Z,0,,1577.65,07-Nov-2019,
641e93910125d8000745df6f,KOTAKBANK,EQ,N,1587.95,1541.0,1556.45,1571.05,1572.55,1553.9,2247235,3524654000.8,1683.95,1115.5,74825,INE237A01028,2019-11-06,2019-11-05T18:30:00.000Z,2023-03-25T06:24:17.907Z,2023-03-25T06:24:17.907Z,0,,1568.44,06-Nov-2019,
641e93b9adde0b0007cf1458,KOTAKBANK,EQ,N,1569.75,1550.3,1568.6,1553.9,1556.45,1571.05,2263394,3524332010.2,1683.95,1115.5,68085,INE237A01028,2019-11-05,2019-11-04T18:30:00.000Z,2023-03-25T06:24:57.817Z,2023-03-25T06:24:57.817Z,0,,1557.1,05-Nov-2019,
641e93cd0125d8000745e507,KOTAKBANK,EQ,N,1596.8,1565.0,1584.0,1571.05,1568.0,1579.9,1434393,2270327896.8,1683.95,1115.5,56055,INE237A01028,2019-11-04,2019-11-03T18:30:00.000Z,2023-03-25T06:25:17.956Z,2023-03-25T06:25:17.956Z,0,,1582.78,04-Nov-2019,
641e935e03c7b1000775c613,KOTAKBANK,EQ,N,1585.95,1563.0,1572.0,1579.9,1581.0,1574.5,2219737,3499603769.7,1683.95,1098.45,68609,INE237A01028,2019-11-01,2019-10-31T18:30:00.000Z,2023-03-25T06:23:26.640Z,2023-03-25T06:23:26.640Z,0,,1576.58,01-Nov-2019,
5dc924879606c20009df0538,KOTAKBANK,EQ,N,1605.0,1566.0,1583.95,1574.5,1567.25,1578.9,2481421,3939282685.55,1683.95,1098.45,67608,INE237A01028,2019-10-31,2019-10-30T18:30:00.000Z,2019-11-11T09:06:16.385Z,2019-11-11T09:06:16.385Z,0,,1587.51,31-Oct-2019,
5dc9247e9606c20009deec42,KOTAKBANK,EQ,N,1588.55,1573.8,1579.9,1578.9,1576.25,1575.55,1677269,2652482556.75,1683.95,1098.45,55866,INE237A01028,2019-10-30,2019-10-29T18:30:00.000Z,2019-11-11T09:06:06.955Z,2019-11-11T09:06:06.955Z,0,,1581.43,30-Oct-2019,
5dc9247f9606c20009deef9e,KOTAKBANK,EQ,N,1597.4,1568.0,1597.4,1575.55,1573.8,1593.0,3002530,4740856137.9,1683.95,1098.45,95398,INE237A01028,2019-10-29,2019-10-28T18:30:00.000Z,2019-11-11T09:06:08.417Z,2019-11-11T09:06:08.417Z,0,,1578.95,29-Oct-2019,
5dc924709606c20009dec572,KOTAKBANK,EQ,N,1601.0,1590.15,1594.0,1593.0,1593.15,1588.6,197634,315177157.3,1683.95,1098.45,6555,INE237A01028,2019-10-27,2019-10-26T18:30:00.000Z,2019-11-11T09:05:53.062Z,2019-11-11T09:05:53.062Z,0,,1594.75,27-Oct-2019,
5dc9247f9606c20009deeef3,KOTAKBANK,EQ,N,1613.85,1569.15,1613.85,1588.6,1586.1,1613.2,2867020,4556494887.45,1683.95,1098.45,84528,INE237A01028,2019-10-25,2019-10-24T18:30:00.000Z,2019-11-11T09:06:08.485Z,2019-11-11T09:06:08.485Z,0,,1589.28,25-Oct-2019,
5dc924829606c20009def76a,KOTAKBANK,EQ,N,1629.9,1597.55,1619.9,1613.2,1613.85,1613.65,1600001,2589240580.15,1683.95,1098.45,51232,INE237A01028,2019-10-24,2019-10-23T18:30:00.000Z,2019-11-11T09:06:10.546Z,2019-11-11T09:06:10.546Z,0,,1618.27,24-Oct-2019,
5dc9247f9606c20009def084,KOTAKBANK,EQ,N,1638.7,1603.3,1630.0,1613.65,1610.95,1628.85,3085230,4996204617.85,1683.95,1098.45,119370,INE237A01028,2019-10-23,2019-10-22T18:30:00.000Z,2019-11-11T09:06:07.881Z,2019-11-11T09:06:07.881Z,0,,1619.39,23-Oct-2019,
5dc924829606c20009def6ac,KOTAKBANK,EQ,N,1643.0,1592.0,1626.85,1628.85,1626.8,1615.25,4895082,7908242714.5,1683.95,1098.45,168454,INE237A01028,2019-10-22,2019-10-21T18:30:00.000Z,2019-11-11T09:06:11.548Z,2019-11-11T09:06:11.548Z,0,,1615.55,22-Oct-2019,
5dc9247d9606c20009dee9ac,KOTAKBANK,EQ,N,1619.6,1591.0,1603.8,1615.25,1616.0,1604.55,2357607,3788005106.35,1683.95,1098.45,69717,INE237A01028,2019-10-18,2019-10-17T18:30:00.000Z,2019-11-11T09:06:05.389Z,2019-11-11T09:06:05.389Z,0,,1606.72,18-Oct-2019,
5dc9247e9606c20009deec86,KOTAKBANK,EQ,N,1613.6,1586.5,1610.0,1604.55,1602.0,1605.55,2076349,3322385491.55,1683.95,1098.45,78587,INE237A01028,2019-10-17,2019-10-16T18:30:00.000Z,2019-11-11T09:06:06.713Z,2019-11-11T09:06:06.713Z,0,,1600.11,17-Oct-2019,
5dc9247d9606c20009deeaa4,KOTAKBANK,EQ,N,1623.3,1592.6,1615.0,1605.55,1605.0,1615.6,2686333,4332700156.7,1683.95,1098.45,80693,INE237A01028,2019-10-16,2019-10-15T18:30:00.000Z,2019-11-11T09:06:06.950Z,2019-11-11T09:06:06.950Z,0,,1612.87,16-Oct-2019,
5dc9247d9606c20009dee945,KOTAKBANK,EQ,N,1629.5,1577.5,1595.4,1615.6,1617.0,1585.5,2706471,4358688280.1,1683.95,1098.45,71523,INE237A01028,2019-10-15,2019-10-14T18:30:00.000Z,2019-11-11T09:06:06.571Z,2019-11-11T09:06:06.571Z,0,,1610.47,15-Oct-2019,
5dc9247d9606c20009dee9f7,KOTAKBANK,EQ,N,1609.0,1576.25,1598.0,1585.5,1582.1,1587.75,2010190,3201165458.5,1683.95,1098.45,58832,INE237A01028,2019-10-14,2019-10-13T18:30:00.000Z,2019-11-11T09:06:06.578Z,2019-11-11T09:06:06.578Z,0,,1592.47,14-Oct-2019,
5dc924819606c20009def614,KOTAKBANK,EQ,N,1625.0,1575.2,1595.2,1587.75,1589.35,1584.8,2425841,3869834193.8,1683.95,1044.15,80917,INE237A01028,2019-10-11,2019-10-10T18:30:00.000Z,2019-11-11T09:06:11.514Z,2019-11-11T09:06:11.514Z,0,,1595.25,11-Oct-2019,
5dc924809606c20009def299,KOTAKBANK,EQ,N,1607.35,1567.0,1599.9,1584.8,1588.15,1612.35,1569421,2485857345.6,1683.95,1044.15,66075,INE237A01028,2019-10-10,2019-10-09T18:30:00.000Z,2019-11-11T09:06:09.913Z,2019-11-11T09:06:09.913Z,0,,1583.93,10-Oct-2019,
5dc9247f9606c20009deee9e,KOTAKBANK,EQ,N,1627.75,1547.75,1559.3,1612.35,1611.0,1555.65,2598430,4136944243.85,1683.95,1044.15,114701,INE237A01028,2019-10-09,2019-10-08T18:30:00.000Z,2019-11-11T09:06:07.294Z,2019-11-11T09:06:07.294Z,0,,1592.09,09-Oct-2019,
5dc924809606c20009def2dd,KOTAKBANK,EQ,N,1593.6,1549.3,1563.0,1555.65,1560.1,1563.15,3045534,4794931799.25,1683.95,1044.15,93516,INE237A01028,2019-10-07,2019-10-06T18:30:00.000Z,2019-11-11T09:06:09.392Z,2019-11-11T09:06:09.392Z,0,,1574.41,07-Oct-2019,
5dc9247f9606c20009def092,KOTAKBANK,EQ,N,1633.7,1557.3,1630.0,1563.15,1559.95,1615.75,5487681,8680956848.4,1683.95,1002.2,117644,INE237A01028,2019-10-04,2019-10-03T18:30:00.000Z,2019-11-11T09:06:07.925Z,2019-11-11T09:06:07.925Z,0,,1581.9,04-Oct-2019,
5dc924879606c20009df0610,KOTAKBANK,EQ,N,1644.25,1607.0,1644.25,1615.75,1613.2,1648.2,2654566,4309970073.95,1683.95,1002.2,120348,INE237A01028,2019-10-03,2019-10-02T18:30:00.000Z,2019-11-11T09:06:16.589Z,2019-11-11T09:06:16.589Z,0,,1623.61,03-Oct-2019,
5dc924849606c20009defd48,KOTAKBANK,EQ,N,1657.0,1623.7,1638.8,1648.2,1648.0,1644.45,2925536,4813745765.5,1683.95,1002.2,101251,INE237A01028,2019-10-01,2019-09-30T18:30:00.000Z,2019-11-11T09:06:13.949Z,2019-11-11T09:06:13.949Z,0,,1645.42,01-Oct-2019,
5dc924839606c20009defbe7,KOTAKBANK,EQ,N,1662.0,1614.3,1635.1,1644.45,1637.9,1643.5,3357859,5494980754.45,1683.95,1002.2,96873,INE237A01028,2019-09-30,2019-09-29T18:30:00.000Z,2019-11-11T09:06:13.398Z,2019-11-11T09:06:13.398Z,0,,1636.45,30-Sep-2019,
5dc9247f9606c20009def0c9,KOTAKBANK,EQ,N,1649.4,1605.95,1615.85,1643.5,1642.65,1626.85,2582561,4208596136.6,1683.95,1002.2,81595,INE237A01028,2019-09-27,2019-09-26T18:30:00.000Z,2019-11-11T09:06:09.148Z,2019-11-11T09:06:09.148Z,0,,1629.62,27-Sep-2019,
5dc9247f9606c20009def05a,KOTAKBANK,EQ,N,1683.95,1605.25,1607.0,1626.85,1630.0,1601.6,4308028,7035778829.2,1683.95,1002.2,124141,INE237A01028,2019-09-26,2019-09-25T18:30:00.000Z,2019-11-11T09:06:08.594Z,2019-11-11T09:06:08.594Z,0,,1633.18,26-Sep-2019,
5dc924909606c20009df1c56,KOTAKBANK,EQ,N,1617.0,1580.5,1617.0,1601.6,1600.0,1618.1,3567544,5677068064.35,1652.0,1002.2,107432,INE237A01028,2019-09-25,2019-09-24T18:30:00.000Z,2019-11-11T09:06:24.393Z,2019-11-11T09:06:24.393Z,0,,1591.31,25-Sep-2019,
5dc924869606c20009df038e,KOTAKBANK,EQ,N,1641.7,1590.0,1633.3,1618.1,1618.0,1640.6,3770541,6092927772.35,1652.0,1002.2,132387,INE237A01028,2019-09-24,2019-09-23T18:30:00.000Z,2019-11-11T09:06:15.897Z,2019-11-11T09:06:15.897Z,0,,1615.93,24-Sep-2019,
5f4f37d6cfc9c100080e86af,KOTAKBANK,EQ,N,1652.0,1528.8,1575.0,1640.6,1650.0,1538.85,6854029,11013504858.2,1652.0,1002.2,226600,INE237A01028,2019-09-23,2019-09-22T18:30:00.000Z,2020-09-02T06:12:38.474Z,2020-09-02T06:12:38.474Z,0,,1606.87,23-Sep-2019,
5f4f37d6cfc9c100080e8747,KOTAKBANK,EQ,N,1598.9,1450.5,1455.0,1538.85,1540.7,1452.6,7159489,10941967687.0,1598.9,1002.2,156303,INE237A01028,2019-09-20,2019-09-19T18:30:00.000Z,2020-09-02T06:12:38.354Z,2020-09-02T06:12:38.354Z,0,,1528.32,20-Sep-2019,
5f4f37d6cfc9c100080e87a7,KOTAKBANK,EQ,N,1464.8,1445.0,1464.8,1452.6,1453.95,1464.75,1449873,2107943802.55,1555.9,1002.2,41908,INE237A01028,2019-09-19,2019-09-18T18:30:00.000Z,2020-09-02T06:12:38.568Z,2020-09-02T06:12:38.568Z,0,,1453.88,19-Sep-2019,
5f4f37d6cfc9c100080e885d,KOTAKBANK,EQ,N,1478.95,1449.9,1450.0,1464.75,1460.95,1448.3,1854425,2724006414.35,1555.9,1002.2,58491,INE237A01028,2019-09-18,2019-09-17T18:30:00.000Z,2020-09-02T06:12:39.019Z,2020-09-02T06:12:39.019Z,0,,1468.92,18-Sep-2019,
5f4f37d5cfc9c100080e8684,KOTAKBANK,EQ,N,1480.95,1444.0,1471.25,1448.3,1453.2,1474.95,1354586,1983375672.45,1555.9,1002.2,50614,INE237A01028,2019-09-17,2019-09-16T18:30:00.000Z,2020-09-02T06:12:37.988Z,2020-09-02T06:12:37.988Z,0,,1464.19,17-Sep-2019,
5f4f37d6cfc9c100080e874e,KOTAKBANK,EQ,N,1491.85,1465.0,1474.0,1474.95,1471.25,1484.25,1857768,2749463819.35,1555.9,1002.2,66834,INE237A01028,2019-09-16,2019-09-15T18:30:00.000Z,2020-09-02T06:12:38.369Z,2020-09-02T06:12:38.369Z,0,,1479.98,16-Sep-2019,
5f4f37d7cfc9c100080e88c3,KOTAKBANK,EQ,N,1486.0,1447.2,1457.0,1484.25,1482.85,1457.55,1768490,2606491588.4,1555.9,1002.2,68001,INE237A01028,2019-09-13,2019-09-12T18:30:00.000Z,2020-09-02T06:12:39.501Z,2020-09-02T06:12:39.501Z,0,,1473.85,13-Sep-2019,
5f4f37d6cfc9c100080e886b,KOTAKBANK,EQ,N,1483.65,1452.0,1480.0,1457.55,1456.8,1475.2,2424954,3570419881.1,1555.9,1002.2,91093,INE237A01028,2019-09-12,2019-09-11T18:30:00.000Z,2020-09-02T06:12:39.027Z,2020-09-02T06:12:39.027Z,0,,1472.37,12-Sep-2019,
5f4f37d6cfc9c100080e877f,KOTAKBANK,EQ,N,1478.9,1459.0,1471.3,1475.2,1476.0,1471.3,2604896,3830025743.7,1555.9,1002.2,101894,INE237A01028,2019-09-11,2019-09-10T18:30:00.000Z,2020-09-02T06:12:38.561Z,2020-09-02T06:12:38.561Z,0,,1470.32,11-Sep-2019,
5f4f37d6cfc9c100080e86b2,KOTAKBANK,EQ,N,1474.55,1424.05,1439.0,1471.3,1470.55,1441.55,3212756,4692852371.75,1555.9,1002.2,73009,INE237A01028,2019-09-09,2019-09-08T18:30:00.000Z,2020-09-02T06:12:38.402Z,2020-09-02T06:12:38.402Z,0,,1460.69,09-Sep-2019,
5f4f37d4cfc9c100080e83d6,KOTAKBANK,EQ,N,1444.6,1412.5,1412.5,1441.55,1441.5,1410.15,2245219,3219902850.75,1555.9,1002.2,67721,INE237A01028,2019-09-06,2019-09-05T18:30:00.000Z,2020-09-02T06:12:36.735Z,2020-09-02T06:12:36.735Z,0,,1434.12,06-Sep-2019,
5f4f37d4cfc9c100080e8440,KOTAKBANK,EQ,N,1441.85,1405.45,1431.9,1410.15,1409.0,1426.45,2381023,3371980488.55,1555.9,1002.2,85430,INE237A01028,2019-09-05,2019-09-04T18:30:00.000Z,2020-09-02T06:12:37.011Z,2020-09-02T06:12:37.011Z,0,,1416.19,05-Sep-2019,
5f4f37d6cfc9c100080e8767,KOTAKBANK,EQ,N,1438.0,1398.65,1414.1,1426.45,1423.9,1414.3,2419629,3443776588.3,1555.9,1002.2,68873,INE237A01028,2019-09-04,2019-09-03T18:30:00.000Z,2020-09-02T06:12:38.425Z,2020-09-02T06:12:38.425Z,0,,1423.27,04-Sep-2019,
5f4f37d6cfc9c100080e881b,KOTAKBANK,EQ,N,1429.0,1405.05,1429.0,1414.3,1411.9,1431.45,2752565,3893505600.7,1555.9,1002.2,88378,INE237A01028,2019-09-03,2019-09-02T18:30:00.000Z,2020-09-02T06:12:39.109Z,2020-09-02T06:12:39.109Z,0,,1414.5,03-Sep-2019,
5dc924809606c20009def3c3,KOTAKBANK,EQ,N,1459.6,1423.1,1448.1,1431.45,1434.85,1450.85,4717533,6777757699.5,1555.9,1002.2,120457,INE237A01028,2019-08-30,2019-08-29T18:30:00.000Z,2019-11-11T09:06:09.234Z,2019-11-11T09:06:09.234Z,0,,1436.72,30-Aug-2019,
5dc924839606c20009def9b4,KOTAKBANK,EQ,N,1479.5,1446.75,1479.5,1450.85,1450.9,1483.65,3931367,5738270154.95,1555.9,1002.2,71955,INE237A01028,2019-08-29,2019-08-28T18:30:00.000Z,2019-11-11T09:06:11.519Z,2019-11-11T09:06:11.519Z,0,,1459.61,29-Aug-2019,
5dc9247d9606c20009deeaae,KOTAKBANK,EQ,N,1501.0,1473.35,1499.2,1483.65,1481.7,1501.55,2291006,3401002129.2,1555.9,1002.2,85170,INE237A01028,2019-08-28,2019-08-27T18:30:00.000Z,2019-11-11T09:06:07.196Z,2019-11-11T09:06:07.196Z,0,,1484.5,28-Aug-2019,
5dc924819606c20009def42a,KOTAKBANK,EQ,N,1522.75,1494.45,1514.0,1501.55,1501.55,1512.8,2740804,4118035682.8,1555.9,1002.2,86905,INE237A01028,2019-08-27,2019-08-26T18:30:00.000Z,2019-11-11T09:06:09.316Z,2019-11-11T09:06:09.316Z,0,,1502.49,27-Aug-2019,
5dc924809606c20009def190,KOTAKBANK,EQ,N,1519.5,1453.1,1500.0,1512.8,1515.0,1470.2,2187678,3261995344.55,1555.9,1002.2,63378,INE237A01028,2019-08-26,2019-08-25T18:30:00.000Z,2019-11-11T09:06:08.375Z,2019-11-11T09:06:08.375Z,0,,1491.08,26-Aug-2019,
5dc9247b9606c20009dee4fa,KOTAKBANK,EQ,N,1487.0,1446.1,1479.9,1470.2,1469.45,1478.25,3615793,5295077588.85,1555.9,1002.2,127744,INE237A01028,2019-08-23,2019-08-22T18:30:00.000Z,2019-11-11T09:06:04.531Z,2019-11-11T09:06:04.531Z,0,,1464.43,23-Aug-2019,
5dc9247d9606c20009dee993,KOTAKBANK,EQ,N,1510.0,1472.4,1503.95,1478.25,1480.0,1505.75,1874751,2793635242.7,1555.9,1002.2,57106,INE237A01028,2019-08-22,2019-08-21T18:30:00.000Z,2019-11-11T09:06:06.172Z,2019-11-11T09:06:06.172Z,0,,1490.14,22-Aug-2019,
5dc9247c9606c20009dee6b6,KOTAKBANK,EQ,N,1517.8,1496.0,1504.0,1505.75,1507.0,1505.1,1484415,2238759916.1,1555.9,1002.2,53231,INE237A01028,2019-08-21,2019-08-20T18:30:00.000Z,2019-11-11T09:06:04.473Z,2019-11-11T09:06:04.473Z,0,,1508.18,21-Aug-2019,
5dc9247b9606c20009dee62f,KOTAKBANK,EQ,N,1511.25,1482.65,1490.55,1505.1,1507.6,1496.35,1724609,2580911436.85,1555.9,1002.2,52337,INE237A01028,2019-08-20,2019-08-19T18:30:00.000Z,2019-11-11T09:06:04.053Z,2019-11-11T09:06:04.053Z,0,,1496.52,20-Aug-2019,
5dc9247d9606c20009deeba2,KOTAKBANK,EQ,N,1519.5,1490.55,1505.0,1496.35,1497.0,1498.95,1547598,2333989143.65,1555.9,1002.2,55702,INE237A01028,2019-08-19,2019-08-18T18:30:00.000Z,2019-11-11T09:06:06.274Z,2019-11-11T09:06:06.274Z,0,,1508.14,19-Aug-2019,
5dc9247e9606c20009deed00,KOTAKBANK,EQ,N,1506.5,1477.5,1489.0,1498.95,1501.65,1491.8,2169754,3243366573.0,1555.9,1002.2,72994,INE237A01028,2019-08-16,2019-08-15T18:30:00.000Z,2019-11-11T09:06:06.882Z,2019-11-11T09:06:06.882Z,0,,1494.81,16-Aug-2019,
5dc9247d9606c20009dee9c8,KOTAKBANK,EQ,N,1515.4,1479.45,1515.0,1491.8,1492.0,1511.4,2354908,3514976083.3,1555.9,1002.2,80842,INE237A01028,2019-08-14,2019-08-13T18:30:00.000Z,2019-11-11T09:06:05.651Z,2019-11-11T09:06:05.651Z,0,,1492.62,14-Aug-2019,
5dc924809606c20009def1b1,KOTAKBANK,EQ,N,1534.0,1505.25,1525.1,1511.4,1506.8,1532.1,2765975,4205937809.8,1555.9,1002.2,73133,INE237A01028,2019-08-13,2019-08-12T18:30:00.000Z,2019-11-11T09:06:08.502Z,2019-11-11T09:06:08.502Z,0,,1520.6,13-Aug-2019,
5dc9247a9606c20009dee192,KOTAKBANK,EQ,N,1535.5,1504.25,1506.0,1532.1,1531.75,1502.75,2445659,3721907779.2,1555.9,1002.2,59637,INE237A01028,2019-08-09,2019-08-08T18:30:00.000Z,2019-11-11T09:06:02.464Z,2019-11-11T09:06:02.464Z,0,,1521.84,09-Aug-2019,
5dc9247f9606c20009deef2b,KOTAKBANK,EQ,N,1509.8,1466.95,1485.0,1502.75,1508.0,1476.3,1932121,2870005281.3,1555.9,1002.2,70741,INE237A01028,2019-08-08,2019-08-07T18:30:00.000Z,2019-11-11T09:06:07.488Z,2019-11-11T09:06:07.488Z,0,,1485.42,08-Aug-2019,
5dc9247e9606c20009deed8b,KOTAKBANK,EQ,N,1499.6,1465.55,1493.9,1476.3,1475.0,1485.3,2362381,3504101409.6,1555.9,1002.2,88073,INE237A01028,2019-08-07,2019-08-06T18:30:00.000Z,2019-11-11T09:06:07.587Z,2019-11-11T09:06:07.587Z,0,,1483.29,07-Aug-2019,
5dc924809606c20009def270,KOTAKBANK,EQ,N,1493.85,1451.65,1454.3,1485.3,1484.55,1460.1,2830608,4169698506.4,1555.9,1002.2,93816,INE237A01028,2019-08-06,2019-08-05T18:30:00.000Z,2019-11-11T09:06:08.664Z,2019-11-11T09:06:08.664Z,0,,1473.08,06-Aug-2019,
5dc9247e9606c20009deeca3,KOTAKBANK,EQ,N,1495.0,1455.05,1495.0,1460.1,1460.0,1507.6,3864546,5701195839.35,1555.9,1002.2,109605,INE237A01028,2019-08-05,2019-08-04T18:30:00.000Z,2019-11-11T09:06:06.767Z,2019-11-11T09:06:06.767Z,0,,1475.26,05-Aug-2019,
5dc9247f9606c20009deefc8,KOTAKBANK,EQ,N,1514.95,1470.05,1488.0,1507.6,1508.2,1495.8,3870809,5787487407.15,1555.9,1002.2,101180,INE237A01028,2019-08-02,2019-08-01T18:30:00.000Z,2019-11-11T09:06:08.989Z,2019-11-11T09:06:08.989Z,0,,1495.16,02-Aug-2019,
5dc9247f9606c20009def0d2,KOTAKBANK,EQ,N,1519.0,1486.0,1505.95,1495.8,1496.25,1519.55,2257753,3383819386.05,1555.9,1002.2,76342,INE237A01028,2019-08-01,2019-07-31T18:30:00.000Z,2019-11-11T09:06:09.376Z,2019-11-11T09:06:09.376Z,0,,1498.76,01-Aug-2019,
5d7f36dabefb870009cdd046,KOTAKBANK,EQ,N,1534.7,1480.75,1490.1,1519.55,1516.95,1498.7,2947808,4439487212.7,1555.9,1002.2,99171,INE237A01028,2019-07-31,2019-07-30T18:30:00.000Z,2019-09-16T07:16:43.058Z,2019-09-16T07:16:43.058Z,0,,1506.03,31-Jul-2019,
5d7f36f9befb870009ce1bac,KOTAKBANK,EQ,N,1509.6,1484.05,1505.0,1498.7,1498.75,1502.5,1743748,2612888984.25,1555.9,1002.2,50148,INE237A01028,2019-07-30,2019-07-29T18:30:00.000Z,2019-09-16T07:17:14.423Z,2019-09-16T07:17:14.423Z,0,,1498.43,30-Jul-2019,
5d7f36f7befb870009ce17b0,KOTAKBANK,EQ,N,1524.45,1497.2,1513.75,1502.5,1505.5,1511.85,2099735,3171462848.95,1555.9,1002.2,54346,INE237A01028,2019-07-29,2019-07-28T18:30:00.000Z,2019-09-16T07:17:12.105Z,2019-09-16T07:17:12.105Z,0,,1510.41,29-Jul-2019,
5d7f36f4befb870009ce0f8d,KOTAKBANK,EQ,N,1517.95,1477.05,1490.0,1511.85,1512.1,1485.05,1681353,2518269849.4,1555.9,1002.2,40077,INE237A01028,2019-07-26,2019-07-25T18:30:00.000Z,2019-09-16T07:17:09.419Z,2019-09-16T07:17:09.419Z,0,,1497.76,26-Jul-2019,
5d7f36f7befb870009ce1730,KOTAKBANK,EQ,N,1504.0,1479.95,1492.0,1485.05,1490.0,1497.2,2838923,4232049690.05,1555.9,1002.2,87687,INE237A01028,2019-07-25,2019-07-24T18:30:00.000Z,2019-09-16T07:17:11.675Z,2019-09-16T07:17:11.675Z,0,,1490.72,25-Jul-2019,
5d7f36fabefb870009ce1f70,KOTAKBANK,EQ,N,1510.0,1476.55,1493.0,1497.2,1493.35,1494.0,2938236,4397465822.3,1555.9,1002.2,75761,INE237A01028,2019-07-24,2019-07-23T18:30:00.000Z,2019-09-16T07:17:15.872Z,2019-09-16T07:17:15.872Z,0,,1496.63,24-Jul-2019,
5d7f36f4befb870009ce10b5,KOTAKBANK,EQ,N,1512.0,1455.25,1460.0,1494.0,1494.15,1454.3,7659628,11374037985.6,1555.9,1002.2,190600,INE237A01028,2019-07-23,2019-07-22T18:30:00.000Z,2019-09-16T07:17:08.926Z,2019-09-16T07:17:08.926Z,0,,1484.93,23-Jul-2019,
5d7f36f1befb870009ce07f6,KOTAKBANK,EQ,N,1496.95,1442.15,1493.0,1454.3,1444.9,1498.9,3423157,5001760213.4,1555.9,1002.2,111054,INE237A01028,2019-07-22,2019-07-21T18:30:00.000Z,2019-09-16T07:17:05.615Z,2019-09-16T07:17:05.615Z,0,,1461.15,22-Jul-2019,
5d7f36f3befb870009ce0e68,KOTAKBANK,EQ,N,1540.75,1490.0,1540.0,1498.9,1507.25,1538.25,2094229,3167975147.6,1555.9,1002.2,72615,INE237A01028,2019-07-19,2019-07-18T18:30:00.000Z,2019-09-16T07:17:07.950Z,2019-09-16T07:17:07.950Z,0,,1512.72,19-Jul-2019,
5d7f36f5befb870009ce119f,KOTAKBANK,EQ,N,1543.25,1526.2,1531.35,1538.25,1537.5,1534.6,2266820,3480889470.1,1555.9,1002.2,59293,INE237A01028,2019-07-18,2019-07-17T18:30:00.000Z,2019-09-16T07:17:09.347Z,2019-09-16T07:17:09.347Z,0,,1535.58,18-Jul-2019,
5d7f36f8befb870009ce1928,KOTAKBANK,EQ,N,1546.85,1497.05,1501.9,1534.6,1532.65,1501.45,6202534,9518469490.65,1555.9,1002.2,100402,INE237A01028,2019-07-17,2019-07-16T18:30:00.000Z,2019-09-16T07:17:12.388Z,2019-09-16T07:17:12.388Z,0,,1534.61,17-Jul-2019,
5d7f36f6befb870009ce151b,KOTAKBANK,EQ,N,1511.5,1490.0,1508.0,1501.45,1497.0,1508.1,1351435,2027757738.85,1555.9,1002.2,50536,INE237A01028,2019-07-16,2019-07-15T18:30:00.000Z,2019-09-16T07:17:12.275Z,2019-09-16T07:17:12.275Z,0,,1500.45,16-Jul-2019,
5d7f36f6befb870009ce152b,KOTAKBANK,EQ,N,1510.95,1478.6,1489.0,1508.1,1504.1,1483.65,1752154,2625470177.3,1555.9,1002.2,60554,INE237A01028,2019-07-15,2019-07-14T18:30:00.000Z,2019-09-16T07:17:11.060Z,2019-09-16T07:17:11.060Z,0,,1498.42,15-Jul-2019,
5d7f36f2befb870009ce0ab6,KOTAKBANK,EQ,N,1494.5,1475.9,1486.95,1483.65,1482.95,1484.95,2072545,3077112185.1,1555.9,1002.2,60011,INE237A01028,2019-07-12,2019-07-11T18:30:00.000Z,2019-09-16T07:17:07.422Z,2019-09-16T07:17:07.422Z,0,,1484.7,12-Jul-2019,"[{'symbol': 'KOTAKBANK', 'series': 'EQ', 'ind': '-', 'faceVal': '5', 'subject': ' Annual General Meeting/Dividend Rs 0.80 Per Share', 'exDate': '12-Jul-2019', 'recDate': '-', 'bcStartDate': '16-Jul-2019', 'bcEndDate': '22-Jul-2019', 'ndStartDate': '-', 'comp': 'Kotak Mahindra Bank Limited', 'isin': 'INE237A01010', 'ndEndDate': '-', 'caBroadcastDate': None}]"
5d7f36f0befb870009ce05a3,KOTAKBANK,EQ,N,1493.8,1472.05,1479.0,1484.95,1479.05,1475.85,1598491,2377036642.6,1555.9,1002.2,52942,INE237A01028,2019-07-11,2019-07-10T18:30:00.000Z,2019-09-16T07:17:05.230Z,2019-09-16T07:17:05.230Z,0,,1487.05,11-Jul-2019,
5d7f36f4befb870009ce1007,KOTAKBANK,EQ,N,1481.85,1460.85,1463.0,1475.85,1470.5,1462.85,2180732,3209115351.3,1555.9,1002.2,74778,INE237A01028,2019-07-10,2019-07-09T18:30:00.000Z,2019-09-16T07:17:09.857Z,2019-09-16T07:17:09.857Z,0,,1471.58,10-Jul-2019,
5d7f36f1befb870009ce084a,KOTAKBANK,EQ,N,1473.0,1440.0,1471.0,1462.85,1462.0,1475.3,2297420,3349693589.7,1555.9,1002.2,90717,INE237A01028,2019-07-09,2019-07-08T18:30:00.000Z,2019-09-16T07:17:05.727Z,2019-09-16T07:17:05.727Z,0,,1458.02,09-Jul-2019,
5d7f36f6befb870009ce139c,KOTAKBANK,EQ,N,1513.4,1470.05,1513.4,1475.3,1475.8,1517.2,1792258,2652748698.65,1555.9,1002.2,75294,INE237A01028,2019-07-08,2019-07-07T18:30:00.000Z,2019-09-16T07:17:10.284Z,2019-09-16T07:17:10.284Z,0,,1480.12,08-Jul-2019,
5d7f36f2befb870009ce0aad,KOTAKBANK,EQ,N,1520.0,1500.05,1504.85,1517.2,1516.0,1497.8,2967320,4483446779.55,1555.9,1002.2,64753,INE237A01028,2019-07-05,2019-07-04T18:30:00.000Z,2019-09-16T07:17:08.319Z,2019-09-16T07:17:08.319Z,0,,1510.94,05-Jul-2019,
5d7f36f5befb870009ce12e6,KOTAKBANK,EQ,N,1504.85,1475.0,1475.0,1497.8,1496.45,1475.0,3025925,4532077488.45,1555.9,1002.2,80533,INE237A01028,2019-07-04,2019-07-03T18:30:00.000Z,2019-09-16T07:17:11.394Z,2019-09-16T07:17:11.394Z,0,,1497.75,04-Jul-2019,
5d7f36f3befb870009ce0de6,KOTAKBANK,EQ,N,1482.0,1462.35,1473.95,1475.0,1474.45,1471.5,2647048,3895672034.65,1555.9,1002.2,40705,INE237A01028,2019-07-03,2019-07-02T18:30:00.000Z,2019-09-16T07:17:07.759Z,2019-09-16T07:17:07.759Z,0,,1471.7,03-Jul-2019,
5d7f36f7befb870009ce16ab,KOTAKBANK,EQ,N,1486.95,1467.05,1483.9,1471.5,1469.0,1481.2,1803732,2654738363.35,1555.9,1002.2,94990,INE237A01028,2019-07-02,2019-07-01T18:30:00.000Z,2019-09-16T07:17:11.933Z,2019-09-16T07:17:11.933Z,0,,1471.8,02-Jul-2019,
5d7f36f2befb870009ce0b81,KOTAKBANK,EQ,N,1490.9,1469.4,1486.9,1481.2,1483.5,1477.1,1904359,2815244828.0,1555.9,1002.2,74941,INE237A01028,2019-07-01,2019-06-30T18:30:00.000Z,2019-09-16T07:17:06.820Z,2019-09-16T07:17:06.820Z,0,,1478.32,01-Jul-2019,
65ccb54a088f7e0263aa19bb,KOTAKBANK,EQ,N,1486.1,1471.6,1485.0,1477.1,1477.0,1481.6,1814086,2683163818.8,1555.9,1002.2,113648,INE237A01028,2019-06-28,2019-06-27T18:30:00.000Z,2024-02-14T12:42:50.612Z,2024-02-14T12:42:50.612Z,0,,1479.07,28-Jun-2019,
5d14afe4a4958b0008323a2a,KOTAKBANK,EQ,N,1506.7,1477.5,1500.0,1481.6,1480.85,1490.6,3860539,5755511661.75,1555.9,1002.2,84620,INE237A01028,2019-06-27,2019-06-26T18:30:00.000Z,2019-06-27T12:00:36.707Z,2019-06-27T12:00:36.707Z,0,,1490.86,27-Jun-2019,
5d1361e9b9c6b80008c58eb7,KOTAKBANK,EQ,N,1496.0,1475.35,1485.0,1490.6,1494.9,1483.9,2210462,3285063985.15,1555.9,1002.2,44581,INE237A01028,2019-06-26,2019-06-25T18:30:00.000Z,2019-06-26T12:15:37.682Z,2019-06-26T12:15:37.682Z,0,,1486.14,26-Jun-2019,
5d120d2256e7c40008bd3c7d,KOTAKBANK,EQ,N,1491.25,1467.0,1471.85,1483.9,1483.1,1470.6,2052490,3031926234.45,1555.9,1002.2,62961,INE237A01028,2019-06-25,2019-06-24T18:30:00.000Z,2019-06-25T12:01:38.921Z,2019-06-25T12:01:38.921Z,0,,1477.19,25-Jun-2019,
5d10bb66ffa87400086c9e7e,KOTAKBANK,EQ,N,1497.3,1464.35,1489.0,1470.6,1473.1,1489.8,2026531,2985190417.0,1555.9,1002.2,54198,INE237A01028,2019-06-24,2019-06-23T18:30:00.000Z,2019-06-24T12:00:38.651Z,2019-06-24T12:00:38.651Z,0,,1473.05,24-Jun-2019,
5d0cc6e9477b2500083627b1,KOTAKBANK,EQ,N,1516.0,1483.2,1516.0,1489.8,1495.85,1518.35,1214842,1820195337.05,1555.9,1002.2,36545,INE237A01028,2019-06-21,2019-06-20T18:30:00.000Z,2019-06-21T12:00:41.086Z,2019-06-21T12:00:41.086Z,0,,1498.3,21-Jun-2019,
5d0b756a41535f0008ffc11d,KOTAKBANK,EQ,N,1520.0,1497.0,1500.5,1518.35,1518.0,1497.8,2567566,3888681197.55,1555.9,1002.2,82269,INE237A01028,2019-06-20,2019-06-19T18:30:00.000Z,2019-06-20T12:00:42.461Z,2019-06-20T12:00:42.461Z,0,,1514.54,20-Jun-2019,
5d0a23eaddc7550008481a71,KOTAKBANK,EQ,N,1504.8,1471.9,1473.0,1497.8,1502.0,1461.85,3891330,5819076469.8,1555.9,1002.2,106788,INE237A01028,2019-06-19,2019-06-18T18:30:00.000Z,2019-06-19T12:00:42.855Z,2019-06-19T12:00:42.855Z,0,,1495.4,19-Jun-2019,
5d08d26bb08ebb0008a5d51a,KOTAKBANK,EQ,N,1474.5,1455.15,1465.0,1461.85,1463.6,1460.35,2424818,3553080044.25,1555.9,1002.2,128740,INE237A01028,2019-06-18,2019-06-17T18:30:00.000Z,2019-06-18T12:00:43.527Z,2019-06-18T12:00:43.527Z,0,,1465.3,18-Jun-2019,
5d0780eceeb54000083fbde8,KOTAKBANK,EQ,N,1478.4,1451.1,1478.0,1460.35,1461.0,1473.85,2366222,3455012345.6,1555.9,1002.2,93687,INE237A01028,2019-06-17,2019-06-16T18:30:00.000Z,2019-06-17T12:00:44.190Z,2019-06-17T12:00:44.190Z,0,,1460.14,17-Jun-2019,
5d03955762714100081e4c60,KOTAKBANK,EQ,N,1504.05,1465.6,1504.05,1473.85,1470.8,1504.0,1953510,2896752993.8,1555.9,1002.2,97556,INE237A01028,2019-06-14,2019-06-13T18:30:00.000Z,2019-06-14T12:38:47.499Z,2019-06-14T12:38:47.499Z,0,,1482.85,14-Jun-2019,
5d023aef1f15760008676f83,KOTAKBANK,EQ,N,1509.0,1476.95,1482.0,1504.0,1504.05,1483.5,2303315,3433535987.85,1555.9,1002.2,106563,INE237A01028,2019-06-13,2019-06-12T18:30:00.000Z,2019-06-13T12:00:47.983Z,2019-06-13T12:00:47.983Z,0,,1490.69,13-Jun-2019,
5d00e9702e7a090008380559,KOTAKBANK,EQ,N,1502.5,1476.15,1500.0,1483.5,1486.5,1507.7,1768429,2624828142.15,1555.9,1002.2,86567,INE237A01028,2019-06-12,2019-06-11T18:30:00.000Z,2019-06-12T12:00:48.836Z,2019-06-12T12:00:48.836Z,0,,1484.27,12-Jun-2019,
5cff97f118c8ed0008e2ade1,KOTAKBANK,EQ,N,1514.25,1492.55,1509.3,1507.7,1504.5,1502.6,944811,1420350818.75,1555.9,1002.2,37825,INE237A01028,2019-06-11,2019-06-10T18:30:00.000Z,2019-06-11T12:00:49.693Z,2019-06-11T12:00:49.693Z,0,,1503.32,11-Jun-2019,
5cfe46720c14ab000712fd9c,KOTAKBANK,EQ,N,1510.9,1486.6,1503.3,1502.6,1501.8,1511.8,1715150,2569928370.0,1555.9,1002.2,73935,INE237A01028,2019-06-10,2019-06-09T18:30:00.000Z,2019-06-10T12:00:51.003Z,2019-06-10T12:00:51.003Z,0,,1498.37,10-Jun-2019,
5cfa5d87cca63e000876a84c,KOTAKBANK,EQ,N,1523.8,1487.75,1523.8,1511.8,1510.0,1514.25,1533892,2309096047.7,1555.9,1002.2,73230,INE237A01028,2019-06-07,2019-06-06T18:30:00.000Z,2019-06-07T12:50:15.663Z,2019-06-07T12:50:15.663Z,0,,1505.38,07-Jun-2019,
5cfa2f0f2dd78300074492d5,KOTAKBANK,EQ,N,1540.9,1501.0,1532.55,1514.25,1516.0,1531.35,2044919,3107629889.45,1555.9,1002.2,65197,INE237A01028,2019-06-06,2019-06-05T18:30:00.000Z,2019-06-07T09:32:00.202Z,2019-06-07T09:32:00.202Z,0,,1519.68,06-Jun-2019,
5cfa2ee79ebde10008cb2c62,KOTAKBANK,EQ,N,1540.0,1522.2,1530.0,1531.35,1534.0,1531.25,1174433,1799406936.7,1555.9,1002.2,66465,INE237A01028,2019-06-04,2019-06-03T18:30:00.000Z,2019-06-07T09:31:20.151Z,2019-06-07T09:31:20.151Z,0,,1532.15,04-Jun-2019,
5cfa2eef2aff480008aaa581,KOTAKBANK,EQ,N,1534.8,1506.0,1513.2,1531.25,1532.45,1522.15,1235302,1884878797.6,1555.9,1002.2,54848,INE237A01028,2019-06-03,2019-06-02T18:30:00.000Z,2019-06-07T09:31:27.527Z,2019-06-07T09:31:27.527Z,0,,1525.84,03-Jun-2019,
5cfa2f04aa58de00086bb4ef,KOTAKBANK,EQ,N,1544.0,1467.4,1536.0,1522.15,1519.95,1535.35,2760214,4196180545.9,1555.9,1002.2,74915,INE237A01028,2019-05-31,2019-05-30T18:30:00.000Z,2019-06-07T09:31:51.658Z,2019-06-07T09:31:51.658Z,0,,1520.24,31-May-2019,
5cfa2ee59ebde10008cb2b2e,KOTAKBANK,EQ,N,1541.75,1511.9,1513.9,1535.35,1531.55,1513.9,2939419,4499827941.75,1555.9,1002.2,62885,INE237A01028,2019-05-30,2019-05-29T18:30:00.000Z,2019-06-07T09:31:19.361Z,2019-06-07T09:31:19.361Z,0,,1530.86,30-May-2019,
5cfa2ee59ebde10008cb2aa0,KOTAKBANK,EQ,N,1530.0,1502.0,1509.3,1513.9,1518.0,1511.0,1450826,2199390709.35,1555.9,1002.2,64953,INE237A01028,2019-05-29,2019-05-28T18:30:00.000Z,2019-06-07T09:31:17.503Z,2019-06-07T09:31:17.503Z,0,,1515.96,29-May-2019,
5cfa2f0aaa58de00086bb8cf,KOTAKBANK,EQ,N,1533.0,1500.0,1533.0,1511.0,1514.95,1529.4,1993302,3007507669.8,1555.9,1002.2,55602,INE237A01028,2019-05-28,2019-05-27T18:30:00.000Z,2019-06-07T09:31:56.622Z,2019-06-07T09:31:56.622Z,0,,1508.81,28-May-2019,
5cfa2ef22aff480008aaa7cf,KOTAKBANK,EQ,N,1533.0,1500.0,1506.65,1529.4,1530.0,1511.7,2228063,3380158552.4,1555.9,1002.2,64365,INE237A01028,2019-05-27,2019-05-26T18:30:00.000Z,2019-06-07T09:31:30.792Z,2019-06-07T09:31:30.792Z,0,,1517.08,27-May-2019,
65ccb53dac6726cc3607392b,KOTAKBANK,EQ,N,1524.0,1490.0,1510.0,1511.7,1510.2,1499.75,2873390,4329190607.15,1555.9,1002.2,102207,INE237A01028,2019-05-24,2019-05-23T18:30:00.000Z,2024-02-14T12:42:37.835Z,2024-02-14T12:42:37.835Z,0,,1506.65,24-May-2019,
5cfa2effaa58de00086bb1a6,KOTAKBANK,EQ,N,1555.9,1489.2,1519.0,1499.75,1507.0,1495.25,5796574,8822476138.4,1555.9,1002.2,176487,INE237A01028,2019-05-23,2019-05-22T18:30:00.000Z,2019-06-07T09:31:44.374Z,2019-06-07T09:31:44.374Z,0,,1522.02,23-May-2019,
5cfa2ed950e5a10008c70db3,KOTAKBANK,EQ,N,1517.7,1488.7,1493.0,1495.25,1495.65,1487.9,2498663,3752724008.0,1517.7,1002.2,97155,INE237A01028,2019-05-22,2019-05-21T18:30:00.000Z,2019-06-07T09:31:05.563Z,2019-06-07T09:31:05.563Z,0,,1501.89,22-May-2019,
5cfa2ef12aff480008aaa76e,KOTAKBANK,EQ,N,1514.8,1483.8,1503.0,1487.9,1490.0,1502.55,3224278,4826874866.3,1514.8,1002.2,73511,INE237A01028,2019-05-21,2019-05-20T18:30:00.000Z,2019-06-07T09:31:30.394Z,2019-06-07T09:31:30.394Z,0,,1497.04,21-May-2019,
5cfa2eda9ebde10008cb22f0,KOTAKBANK,EQ,N,1505.3,1461.1,1491.0,1502.55,1502.6,1460.0,4668729,6937181942.15,1505.3,1002.2,99990,INE237A01028,2019-05-20,2019-05-19T18:30:00.000Z,2019-06-07T09:31:07.096Z,2019-06-07T09:31:07.096Z,0,,1485.88,20-May-2019,
5cfa2ed69ebde10008cb20e8,KOTAKBANK,EQ,N,1469.8,1415.4,1416.0,1460.0,1465.0,1413.15,3799219,5478815345.15,1469.8,1002.2,195461,INE237A01028,2019-05-17,2019-05-16T18:30:00.000Z,2019-06-07T09:31:06.265Z,2019-06-07T09:31:06.265Z,0,,1442.09,17-May-2019,
5cfa2ede9ebde10008cb25bb,KOTAKBANK,EQ,N,1423.45,1378.65,1396.9,1413.15,1415.1,1395.8,1423360,1989318459.4,1435.75,1002.2,49604,INE237A01028,2019-05-16,2019-05-15T18:30:00.000Z,2019-06-07T09:31:10.705Z,2019-06-07T09:31:10.705Z,0,,1397.62,16-May-2019,
5cfa2ef4aa58de00086baa83,KOTAKBANK,EQ,N,1403.55,1378.7,1384.0,1395.8,1395.0,1382.95,2122200,2958701853.8,1435.75,1002.2,65728,INE237A01028,2019-05-15,2019-05-14T18:30:00.000Z,2019-06-07T09:31:35.739Z,2019-06-07T09:31:35.739Z,0,,1394.17,15-May-2019,
5cfa2eedaa58de00086ba5e4,KOTAKBANK,EQ,N,1397.0,1368.6,1388.5,1382.95,1384.95,1389.35,2930296,4048030203.9,1435.75,1002.2,81097,INE237A01028,2019-05-14,2019-05-13T18:30:00.000Z,2019-06-07T09:31:26.464Z,2019-06-07T09:31:26.464Z,0,,1381.44,14-May-2019,
5cfa2f082dd7830007448ec4,KOTAKBANK,EQ,N,1399.75,1380.05,1396.0,1389.35,1393.15,1398.15,1654964,2301856434.35,1435.75,1002.2,57408,INE237A01028,2019-05-13,2019-05-12T18:30:00.000Z,2019-06-07T09:31:53.450Z,2019-06-07T09:31:53.450Z,0,,1390.88,13-May-2019,
5cfa2f198c50c40008320e1f,KOTAKBANK,EQ,N,1406.5,1368.1,1370.0,1398.15,1393.05,1385.5,4149709,5763158347.65,1435.75,1002.2,92458,INE237A01028,2019-05-10,2019-05-09T18:30:00.000Z,2019-06-07T09:32:10.689Z,2019-06-07T09:32:10.689Z,0,,1388.81,10-May-2019,
5cfa2f032dd7830007448b19,KOTAKBANK,EQ,N,1407.9,1366.3,1394.2,1385.5,1370.05,1402.2,4704782,6579397687.7,1435.75,1002.2,94410,INE237A01028,2019-05-09,2019-05-08T18:30:00.000Z,2019-06-07T09:31:48.483Z,2019-06-07T09:31:48.483Z,0,,1398.45,09-May-2019,
5cfa2f1a8c50c40008320e55,KOTAKBANK,EQ,N,1414.9,1388.7,1404.0,1402.2,1402.25,1408.15,2539315,3557351520.5,1435.75,1002.2,98837,INE237A01028,2019-05-08,2019-05-07T18:30:00.000Z,2019-06-07T09:32:10.617Z,2019-06-07T09:32:10.617Z,0,,1400.91,08-May-2019,
5cfa2ec6fe058700082b59e2,KOTAKBANK,EQ,N,1425.0,1399.25,1410.0,1408.15,1402.15,1410.4,2786736,3940174277.35,1435.75,1002.2,78510,INE237A01028,2019-05-07,2019-05-06T18:30:00.000Z,2019-06-07T09:30:46.586Z,2019-06-07T09:30:46.586Z,0,,1413.9,07-May-2019,
5cfa2ec250e5a10008c6fd8f,KOTAKBANK,EQ,N,1417.0,1399.7,1400.0,1410.4,1407.65,1417.8,2109507,2978114153.75,1435.75,1002.2,78430,INE237A01028,2019-05-06,2019-05-05T18:30:00.000Z,2019-06-07T09:30:42.140Z,2019-06-07T09:30:42.140Z,0,,1411.76,06-May-2019,
5cfa2edf18f90d000821202b,KOTAKBANK,EQ,N,1435.75,1400.2,1406.4,1417.8,1416.95,1406.35,4269675,6083113530.15,1435.75,1002.2,105258,INE237A01028,2019-05-03,2019-05-02T18:30:00.000Z,2019-06-07T09:31:13.428Z,2019-06-07T09:31:13.428Z,0,,1424.73,03-May-2019,
5cfa2ee39ebde10008cb2955,KOTAKBANK,EQ,N,1421.75,1382.5,1394.0,1406.35,1404.0,1386.55,4780805,6702394679.35,1421.75,1002.2,134718,INE237A01028,2019-05-02,2019-05-01T18:30:00.000Z,2019-06-07T09:31:15.524Z,2019-06-07T09:31:15.524Z,0,,1401.94,02-May-2019,
5cfa2ec4fe058700082b5878,KOTAKBANK,EQ,N,1397.0,1351.05,1382.2,1386.55,1385.0,1379.25,6210573,8570309790.3,1417.0,1002.2,178494,INE237A01028,2019-04-30,2019-04-29T18:30:00.000Z,2019-06-07T09:30:45.137Z,2019-06-07T09:30:45.137Z,0,,1379.95,30-Apr-2019,
5cfa2edd9ebde10008cb259a,KOTAKBANK,EQ,N,1384.4,1342.8,1362.0,1379.25,1378.0,1360.4,2560864,3489125238.45,1417.0,1002.2,69078,INE237A01028,2019-04-26,2019-04-25T18:30:00.000Z,2019-06-07T09:31:10.250Z,2019-06-07T09:31:10.250Z,0,,1362.48,26-Apr-2019,
5e9ebee64d797f0008ee7de8,KOTAKBANK,EQ,N,1377.0,1355.0,1368.9,1360.4,1359.0,1366.75,1807598,2471954160.35,1417.0,1002.2,51642,INE237A01028,2019-04-25,2019-04-24T18:30:00.000Z,2020-04-21T09:37:42.181Z,2020-04-21T09:37:42.181Z,0,,1367.54,25-Apr-2019,
5e9ebee3d319fe0008c06d3c,KOTAKBANK,EQ,N,1370.0,1339.65,1355.0,1366.75,1363.75,1355.35,1934411,2621101176.0,1417.0,1002.2,63745,INE237A01028,2019-04-24,2019-04-23T18:30:00.000Z,2020-04-21T09:37:39.097Z,2020-04-21T09:37:39.097Z,0,,1354.99,24-Apr-2019,
5e9ebed8d319fe0008c06178,KOTAKBANK,EQ,N,1368.55,1351.0,1357.95,1355.35,1354.65,1356.7,1619687,2198544842.6,1417.0,1002.2,57149,INE237A01028,2019-04-23,2019-04-22T18:30:00.000Z,2020-04-21T09:37:28.632Z,2020-04-21T09:37:28.632Z,0,,1357.39,23-Apr-2019,
5e9ebed5734d2c00086614d1,KOTAKBANK,EQ,N,1365.8,1346.1,1360.0,1356.7,1350.55,1369.65,2419108,3284003736.0,1417.0,1002.2,39196,INE237A01028,2019-04-22,2019-04-21T18:30:00.000Z,2020-04-21T09:37:25.911Z,2020-04-21T09:37:25.911Z,0,,1357.53,22-Apr-2019,
5e9ebece5f59690008317c3f,KOTAKBANK,EQ,N,1392.0,1362.85,1386.4,1369.65,1369.9,1386.4,2408936,3325647185.1,1417.0,1002.2,60393,INE237A01028,2019-04-18,2019-04-17T18:30:00.000Z,2020-04-21T09:37:18.252Z,2020-04-21T09:37:18.252Z,0,,1380.55,18-Apr-2019,
5e9ebec5734d2c000865f965,KOTAKBANK,EQ,N,1390.45,1370.1,1382.4,1386.4,1383.5,1373.85,2332796,3223875139.55,1417.0,1002.2,63174,INE237A01028,2019-04-16,2019-04-15T18:30:00.000Z,2020-04-21T09:37:09.558Z,2020-04-21T09:37:09.558Z,0,,1381.98,16-Apr-2019,
5e9ebec15f59690008316117,KOTAKBANK,EQ,N,1378.0,1343.45,1348.0,1373.85,1376.0,1343.45,2879023,3923615958.9,1417.0,1002.2,53694,INE237A01028,2019-04-15,2019-04-14T18:30:00.000Z,2020-04-21T09:37:05.800Z,2020-04-21T09:37:05.800Z,0,,1362.83,15-Apr-2019,
5cfa2ee32aff480008aa9d3c,KOTAKBANK,EQ,N,1348.0,1336.55,1343.2,1343.45,1344.9,1343.2,1704832,2288122781.0,1417.0,1002.2,59468,INE237A01028,2019-04-12,2019-04-11T18:30:00.000Z,2019-06-07T09:31:16.136Z,2019-06-07T09:31:16.136Z,0,,1342.14,12-Apr-2019,
5cfa2efcaa58de00086bafb8,KOTAKBANK,EQ,N,1349.95,1333.55,1349.7,1343.2,1341.3,1349.9,1348573,1809909799.25,1417.0,1002.2,40700,INE237A01028,2019-04-11,2019-04-10T18:30:00.000Z,2019-06-07T09:31:42.296Z,2019-06-07T09:31:42.296Z,0,,1342.09,11-Apr-2019,
5cfa2efc2dd7830007448661,KOTAKBANK,EQ,N,1367.95,1338.05,1338.05,1349.9,1350.0,1341.45,3031207,4111290116.3,1417.0,1002.2,75746,INE237A01028,2019-04-10,2019-04-09T18:30:00.000Z,2019-06-07T09:31:40.942Z,2019-06-07T09:31:40.942Z,0,,1356.32,10-Apr-2019,
5cfa2f1d8c50c400083210fb,KOTAKBANK,EQ,N,1347.15,1322.1,1339.95,1341.45,1344.0,1343.25,2246843,2999291021.25,1417.0,1002.2,81228,INE237A01028,2019-04-09,2019-04-08T18:30:00.000Z,2019-06-07T09:32:13.792Z,2019-06-07T09:32:13.792Z,0,,1334.89,09-Apr-2019,
5cfa2ed250e5a10008c708b3,KOTAKBANK,EQ,N,1347.5,1333.2,1341.0,1343.25,1339.8,1335.95,1587867,2129409369.15,1417.0,1002.2,58526,INE237A01028,2019-04-08,2019-04-07T18:30:00.000Z,2019-06-07T09:30:58.325Z,2019-06-07T09:30:58.325Z,0,,1341.05,08-Apr-2019,
5cfa2ec4fe058700082b5869,KOTAKBANK,EQ,N,1340.05,1326.15,1330.0,1335.95,1337.1,1322.9,1743729,2325736123.3,1417.0,1002.2,49542,INE237A01028,2019-04-05,2019-04-04T18:30:00.000Z,2019-06-07T09:30:45.002Z,2019-06-07T09:30:45.002Z,0,,1333.77,05-Apr-2019,
5cfa2ef22aff480008aaa7c4,KOTAKBANK,EQ,N,1344.75,1317.05,1337.4,1322.9,1325.0,1334.2,2592949,3455982453.5,1417.0,1002.2,102444,INE237A01028,2019-04-04,2019-04-03T18:30:00.000Z,2019-06-07T09:31:31.485Z,2019-06-07T09:31:31.485Z,0,,1332.84,04-Apr-2019,
5cfa2ee118f90d000821211c,KOTAKBANK,EQ,N,1357.45,1331.0,1342.0,1334.2,1333.0,1339.45,2766566,3726481872.7,1417.0,1002.2,66630,INE237A01028,2019-04-03,2019-04-02T18:30:00.000Z,2019-06-07T09:31:14.500Z,2019-06-07T09:31:14.500Z,0,,1346.97,03-Apr-2019,
5cfa2f022dd7830007448a77,KOTAKBANK,EQ,N,1344.85,1328.0,1344.0,1339.45,1343.0,1339.4,1775599,2371838543.1,1417.0,1002.2,86574,INE237A01028,2019-04-02,2019-04-01T18:30:00.000Z,2019-06-07T09:31:46.627Z,2019-06-07T09:31:46.627Z,0,,1335.8,02-Apr-2019,
5cfa2ed52aff480008aa943f,KOTAKBANK,EQ,N,1362.0,1326.05,1336.0,1339.4,1338.0,1334.5,3167512,4248789647.2,1417.0,1002.2,99066,INE237A01028,2019-04-01,2019-03-31T18:30:00.000Z,2019-06-07T09:31:04.933Z,2019-06-07T09:31:04.933Z,0,,1341.36,01-Apr-2019,
5cfa2f1e8c50c400083211f6,KOTAKBANK,EQ,N,1352.0,1329.1,1350.0,1334.5,1334.5,1340.75,2257766,3022055244.9,1417.0,1002.2,79976,INE237A01028,2019-03-29,2019-03-28T18:30:00.000Z,2019-06-07T09:32:15.611Z,2019-06-07T09:32:15.611Z,0,,1338.52,29-Mar-2019,
5cfa2ec59ebde10008cb15c8,KOTAKBANK,EQ,N,1352.0,1328.9,1338.0,1340.75,1344.95,1332.85,4616695,6190089127.95,1417.0,1002.2,134103,INE237A01028,2019-03-28,2019-03-27T18:30:00.000Z,2019-06-07T09:30:47.900Z,2019-06-07T09:30:47.900Z,0,,1340.81,28-Mar-2019,
5cfa2ed82aff480008aa964b,KOTAKBANK,EQ,N,1363.9,1325.05,1349.95,1332.85,1329.95,1342.95,3039458,4092913754.3,1417.0,1002.2,101680,INE237A01028,2019-03-27,2019-03-26T18:30:00.000Z,2019-06-07T09:31:04.044Z,2019-06-07T09:31:04.044Z,0,,1346.59,27-Mar-2019,
5cfa2eba50e5a10008c6f8ae,KOTAKBANK,EQ,N,1347.95,1310.05,1312.25,1342.95,1343.1,1308.65,2051170,2719522981.9,1417.0,1002.2,52851,INE237A01028,2019-03-26,2019-03-25T18:30:00.000Z,2019-06-07T09:30:34.877Z,2019-06-07T09:30:34.877Z,0,,1325.84,26-Mar-2019,
5cfa2ebafe058700082b5135,KOTAKBANK,EQ,N,1330.85,1303.2,1325.95,1308.65,1309.0,1336.25,2869564,3761500517.05,1417.0,1002.2,72033,INE237A01028,2019-03-25,2019-03-24T18:30:00.000Z,2019-06-07T09:30:34.979Z,2019-06-07T09:30:34.979Z,0,,1310.83,25-Mar-2019,
5cfa2ed418f90d0008211830,KOTAKBANK,EQ,N,1364.65,1331.0,1354.7,1336.25,1339.0,1351.6,2620049,3526210458.05,1417.0,1002.2,118244,INE237A01028,2019-03-22,2019-03-21T18:30:00.000Z,2019-06-07T09:31:02.623Z,2019-06-07T09:31:02.623Z,0,,1345.86,22-Mar-2019,
5cfa2eddaa58de00086b9bf9,KOTAKBANK,EQ,N,1357.9,1331.0,1349.1,1351.6,1351.05,1347.75,3969408,5326610329.65,1417.0,1002.2,90335,INE237A01028,2019-03-20,2019-03-19T18:30:00.000Z,2019-06-07T09:31:10.140Z,2019-06-07T09:31:10.140Z,0,,1341.92,20-Mar-2019,
5cfa2ecc9ebde10008cb1a23,KOTAKBANK,EQ,N,1355.0,1338.55,1350.0,1347.75,1343.55,1343.65,3117212,4204580795.8,1417.0,1002.2,104094,INE237A01028,2019-03-19,2019-03-18T18:30:00.000Z,2019-06-07T09:30:52.614Z,2019-06-07T09:30:52.614Z,0,,1348.83,19-Mar-2019,
5cfa2eda2aff480008aa97de,KOTAKBANK,EQ,N,1360.0,1330.8,1340.0,1343.65,1345.05,1325.15,5384740,7245494473.9,1417.0,1002.2,150403,INE237A01028,2019-03-18,2019-03-17T18:30:00.000Z,2019-06-07T09:31:06.515Z,2019-06-07T09:31:06.515Z,0,,1345.56,18-Mar-2019,
5cfa2eecaa58de00086ba4ef,KOTAKBANK,EQ,N,1339.35,1270.0,1271.9,1325.15,1328.0,1268.95,10393505,13722720495.7,1417.0,1002.2,218226,INE237A01028,2019-03-15,2019-03-14T18:30:00.000Z,2019-06-07T09:31:24.116Z,2019-06-07T09:31:24.116Z,0,,1320.32,15-Mar-2019,
5cfa2f0f8c50c400083207c0,KOTAKBANK,EQ,N,1277.45,1257.0,1263.0,1268.95,1269.55,1261.25,2497386,3164823351.75,1417.0,1002.2,70298,INE237A01028,2019-03-14,2019-03-13T18:30:00.000Z,2019-06-07T09:32:00.672Z,2019-06-07T09:32:00.672Z,0,,1267.25,14-Mar-2019,
5cfa2ebd50e5a10008c6fa2d,KOTAKBANK,EQ,N,1269.1,1247.05,1263.5,1261.25,1262.0,1263.35,2425470,3054462094.1,1417.0,1002.2,73086,INE237A01028,2019-03-13,2019-03-12T18:30:00.000Z,2019-06-07T09:30:37.666Z,2019-06-07T09:30:37.666Z,0,,1259.33,13-Mar-2019,
5cfa2eb6fe058700082b4e6d,KOTAKBANK,EQ,N,1272.0,1253.1,1260.45,1263.35,1262.0,1249.55,3541360,4473824081.4,1417.0,1002.2,126666,INE237A01028,2019-03-12,2019-03-11T18:30:00.000Z,2019-06-07T09:30:32.083Z,2019-06-07T09:30:32.083Z,0,,1263.31,12-Mar-2019,
5cfa2f128c50c40008320940,KOTAKBANK,EQ,N,1254.9,1234.0,1238.0,1249.55,1252.0,1238.9,2065386,2570184944.6,1417.0,1002.2,98407,INE237A01028,2019-03-11,2019-03-10T18:30:00.000Z,2019-06-07T09:32:03.616Z,2019-06-07T09:32:03.616Z,0,,1244.41,11-Mar-2019,
5cfa2edd2aff480008aa99d2,KOTAKBANK,EQ,N,1243.5,1231.7,1237.0,1238.9,1238.0,1237.2,1051433,1301637776.25,1417.0,1002.2,54970,INE237A01028,2019-03-08,2019-03-07T18:30:00.000Z,2019-06-07T09:31:09.705Z,2019-06-07T09:31:09.705Z,0,,1237.97,08-Mar-2019,
5cfa2f052dd7830007448c5f,KOTAKBANK,EQ,N,1246.0,1235.2,1244.0,1237.2,1235.7,1241.3,1434561,1779669852.9,1417.0,1002.2,46179,INE237A01028,2019-03-07,2019-03-06T18:30:00.000Z,2019-06-07T09:31:50.496Z,2019-06-07T09:31:50.496Z,0,,1240.57,07-Mar-2019,
5cfa2f1a8c50c40008320e7f,KOTAKBANK,EQ,N,1247.0,1236.6,1242.1,1241.3,1243.75,1240.45,2306834,2865024885.5,1417.0,1002.2,97830,INE237A01028,2019-03-06,2019-03-05T18:30:00.000Z,2019-06-07T09:32:10.614Z,2019-06-07T09:32:10.614Z,0,,1241.97,06-Mar-2019,
5cfa2ee3aa58de00086b9f63,KOTAKBANK,EQ,N,1246.3,1217.8,1223.9,1240.45,1240.0,1225.95,3128451,3871881069.6,1417.0,1002.2,110526,INE237A01028,2019-03-05,2019-03-04T18:30:00.000Z,2019-06-07T09:31:16.149Z,2019-06-07T09:31:16.149Z,0,,1237.64,05-Mar-2019,
5cfa2ebb50e5a10008c6f8e6,KOTAKBANK,EQ,N,1230.5,1217.35,1221.7,1225.95,1224.1,1213.1,2162834,2649422162.4,1417.0,1002.2,78869,INE237A01028,2019-03-01,2019-02-28T18:30:00.000Z,2019-06-07T09:30:36.164Z,2019-06-07T09:30:36.164Z,0,,1224.98,01-Mar-2019,
5cfa2eabfe058700082b46ba,KOTAKBANK,EQ,N,1225.05,1210.0,1213.2,1213.1,1213.3,1216.15,8722836,10602739877.1,1417.0,1002.2,177985,INE237A01028,2019-02-28,2019-02-27T18:30:00.000Z,2019-06-07T09:30:19.911Z,2019-06-07T09:30:19.911Z,0,,1215.52,28-Feb-2019,
5cfa2ebc9ebde10008cb10b8,KOTAKBANK,EQ,N,1241.6,1211.1,1238.0,1216.15,1213.4,1236.15,5388722,6590619268.6,1417.0,1002.2,184445,INE237A01028,2019-02-27,2019-02-26T18:30:00.000Z,2019-06-07T09:30:37.019Z,2019-06-07T09:30:37.019Z,0,,1223.04,27-Feb-2019,
5cfa2f098c50c4000832035d,KOTAKBANK,EQ,N,1249.7,1220.1,1224.0,1236.15,1234.25,1240.95,5026571,6198217981.2,1417.0,1002.2,97472,INE237A01028,2019-02-26,2019-02-25T18:30:00.000Z,2019-06-07T09:31:53.761Z,2019-06-07T09:31:53.761Z,0,,1233.09,26-Feb-2019,
5cfa2eda2aff480008aa9813,KOTAKBANK,EQ,N,1246.85,1230.0,1243.4,1240.95,1238.6,1237.9,3735590,4627937789.7,1417.0,1002.2,104401,INE237A01028,2019-02-25,2019-02-24T18:30:00.000Z,2019-06-07T09:31:06.862Z,2019-06-07T09:31:06.862Z,0,,1238.88,25-Feb-2019,
5cfa2eca50e5a10008c702d8,KOTAKBANK,EQ,N,1258.0,1225.0,1251.0,1237.9,1238.25,1289.15,83859904,103201901005.4,1417.0,1002.2,299384,INE237A01028,2019-02-22,2019-02-21T18:30:00.000Z,2019-06-07T09:30:50.412Z,2019-06-07T09:30:50.412Z,0,,1230.65,22-Feb-2019,
5cfa2eadfe058700082b4889,KOTAKBANK,EQ,N,1297.6,1283.5,1291.9,1289.15,1288.45,1289.75,1819094,2345437847.8,1417.0,1002.2,41458,INE237A01028,2019-02-21,2019-02-20T18:30:00.000Z,2019-06-07T09:30:22.124Z,2019-06-07T09:30:22.124Z,0,,1289.34,21-Feb-2019,
5cfa2ed4aa58de00086b9622,KOTAKBANK,EQ,N,1292.0,1279.2,1281.3,1289.75,1290.75,1280.45,1350202,1737754270.65,1417.0,1002.2,39235,INE237A01028,2019-02-20,2019-02-19T18:30:00.000Z,2019-06-07T09:31:00.373Z,2019-06-07T09:31:00.373Z,0,,1287.03,20-Feb-2019,
65ccafa55323ad67d0e60c8f,KOTAKBANK,EQ,N,1285.25,1271.85,1277.0,1280.45,1279.25,1277.05,1268328,1623093727.05,1417.0,1002.2,35986,INE237A01028,2019-02-19,2019-02-18T18:30:00.000Z,2024-02-14T12:18:45.451Z,2024-02-14T12:18:45.451Z,0,,1279.71,19-Feb-2019,
5cfa2ec918f90d0008211151,KOTAKBANK,EQ,N,1288.0,1273.25,1281.0,1277.05,1275.0,1283.65,1265173,1620965853.1,1417.0,1002.2,42500,INE237A01028,2019-02-18,2019-02-17T18:30:00.000Z,2019-06-07T09:30:50.979Z,2019-06-07T09:30:50.979Z,0,,1281.22,18-Feb-2019,
5cfa2ee82dd7830007447a9a,KOTAKBANK,EQ,N,1290.0,1270.0,1287.8,1283.65,1283.0,1286.8,2006955,2568849677.0,1417.0,1002.2,68296,INE237A01028,2019-02-15,2019-02-14T18:30:00.000Z,2019-06-07T09:31:21.604Z,2019-06-07T09:31:21.604Z,0,,1279.97,15-Feb-2019,
5cfa2f058c50c4000832017b,KOTAKBANK,EQ,N,1302.25,1271.55,1302.0,1286.8,1285.7,1298.3,2491111,3198002763.0,1417.0,1002.2,70425,INE237A01028,2019-02-14,2019-02-13T18:30:00.000Z,2019-06-07T09:31:54.710Z,2019-06-07T09:31:54.710Z,0,,1283.77,14-Feb-2019,
5cfa2ecb2aff480008aa8e6e,KOTAKBANK,EQ,N,1306.75,1292.8,1305.0,1298.3,1298.25,1298.65,902822,1173946998.05,1417.0,1002.2,41146,INE237A01028,2019-02-13,2019-02-12T18:30:00.000Z,2019-06-07T09:30:52.191Z,2019-06-07T09:30:52.191Z,0,,1300.31,13-Feb-2019,
5cfa2edbaa58de00086b9ac6,KOTAKBANK,EQ,N,1310.0,1295.3,1300.0,1298.65,1298.0,1301.55,1482010,1932384646.25,1417.0,1002.2,45476,INE237A01028,2019-02-12,2019-02-11T18:30:00.000Z,2019-06-07T09:31:09.034Z,2019-06-07T09:31:09.034Z,0,,1303.89,12-Feb-2019,
5cfa2eb350e5a10008c6f3ed,KOTAKBANK,EQ,N,1315.0,1294.0,1296.0,1301.55,1301.35,1299.4,3144675,4108345166.35,1417.0,1002.2,86628,INE237A01028,2019-02-11,2019-02-10T18:30:00.000Z,2019-06-07T09:30:28.898Z,2019-06-07T09:30:28.898Z,0,,1306.45,11-Feb-2019,
5cfa2f008c50c4000831fe79,KOTAKBANK,EQ,N,1311.0,1277.3,1284.0,1299.4,1298.55,1284.55,2481433,3222015418.85,1417.0,1002.2,74972,INE237A01028,2019-02-08,2019-02-07T18:30:00.000Z,2019-06-07T09:31:45.468Z,2019-06-07T09:31:45.468Z,0,,1298.45,08-Feb-2019,
5cfa2ee32dd7830007447732,KOTAKBANK,EQ,N,1295.0,1275.3,1280.0,1284.55,1281.7,1279.5,1198410,1540589821.4,1417.0,1002.2,40461,INE237A01028,2019-02-07,2019-02-06T18:30:00.000Z,2019-06-07T09:31:17.123Z,2019-06-07T09:31:17.123Z,0,,1285.53,07-Feb-2019,
5cfa2ec418f90d0008210deb,KOTAKBANK,EQ,N,1288.8,1276.35,1280.0,1279.5,1280.0,1279.15,1158741,1486394095.3,1417.0,1002.2,54285,INE237A01028,2019-02-06,2019-02-05T18:30:00.000Z,2019-06-07T09:30:45.286Z,2019-06-07T09:30:45.286Z,0,,1282.77,06-Feb-2019,
5cfa2ebe9ebde10008cb11ae,KOTAKBANK,EQ,N,1287.0,1267.5,1276.0,1279.15,1277.0,1272.2,1917782,2454656291.7,1417.0,1002.2,55076,INE237A01028,2019-02-05,2019-02-04T18:30:00.000Z,2019-06-07T09:30:41.069Z,2019-06-07T09:30:41.069Z,0,,1279.95,05-Feb-2019,
5cfa2f0c8c50c4000832059d,KOTAKBANK,EQ,N,1274.7,1245.0,1245.0,1272.2,1274.0,1255.7,1379319,1741559691.55,1417.0,1002.2,48772,INE237A01028,2019-02-04,2019-02-03T18:30:00.000Z,2019-06-07T09:31:58.012Z,2019-06-07T09:31:58.012Z,0,,1262.62,04-Feb-2019,
5cfa2eb350e5a10008c6f40e,KOTAKBANK,EQ,N,1270.8,1240.2,1257.05,1255.7,1257.65,1255.75,2189154,2748880851.8,1417.0,1002.2,81346,INE237A01028,2019-02-01,2019-01-31T18:30:00.000Z,2019-06-07T09:30:27.842Z,2019-06-07T09:30:27.842Z,0,,1255.68,01-Feb-2019,
5cfa2eaefe058700082b4939,KOTAKBANK,EQ,N,1260.0,1211.4,1222.0,1255.75,1256.0,1222.2,2968660,3693612615.9,1417.0,1002.2,93267,INE237A01028,2019-01-31,2019-01-30T18:30:00.000Z,2019-06-07T09:30:25.210Z,2019-06-07T09:30:25.210Z,0,,1244.2,31-Jan-2019,
5cfa2ec518f90d0008210ec6,KOTAKBANK,EQ,N,1255.5,1217.8,1255.0,1222.2,1219.0,1251.4,2754232,3390327317.0,1417.0,1002.2,114019,INE237A01028,2019-01-30,2019-01-29T18:30:00.000Z,2019-06-07T09:30:46.868Z,2019-06-07T09:30:46.868Z,0,,1230.95,30-Jan-2019,
5cfa2ecaaa58de00086b90b5,KOTAKBANK,EQ,N,1273.0,1248.0,1260.0,1251.4,1251.5,1260.45,2591590,3265862348.3,1417.0,1002.2,89223,INE237A01028,2019-01-29,2019-01-28T18:30:00.000Z,2019-06-07T09:30:51.221Z,2019-06-07T09:30:51.221Z,0,,1260.18,29-Jan-2019,
5cfa2eb59ebde10008cb0bcb,KOTAKBANK,EQ,N,1285.0,1255.0,1269.0,1260.45,1259.95,1266.15,2054592,2611997769.5,1417.0,1002.2,71896,INE237A01028,2019-01-28,2019-01-27T18:30:00.000Z,2019-06-07T09:30:29.304Z,2019-06-07T09:30:29.304Z,0,,1271.3,28-Jan-2019,
5cfa2ec02aff480008aa87c5,KOTAKBANK,EQ,N,1287.7,1258.55,1268.8,1266.15,1268.85,1267.75,1441296,1839971562.2,1417.0,1002.2,62568,INE237A01028,2019-01-25,2019-01-24T18:30:00.000Z,2019-06-07T09:30:43.976Z,2019-06-07T09:30:43.976Z,0,,1276.61,25-Jan-2019,
5cfa2ec8aa58de00086b8f33,KOTAKBANK,EQ,N,1276.5,1263.0,1274.0,1267.75,1265.0,1276.5,1459776,1852921473.65,1417.0,1002.2,68169,INE237A01028,2019-01-24,2019-01-23T18:30:00.000Z,2019-06-07T09:30:49.070Z,2019-06-07T09:30:49.070Z,0,,1269.32,24-Jan-2019,
5cfa2ef18c50c4000831f538,KOTAKBANK,EQ,N,1298.9,1271.05,1298.9,1276.5,1272.05,1291.75,3258582,4182347119.9,1417.0,1002.2,117883,INE237A01028,2019-01-23,2019-01-22T18:30:00.000Z,2019-06-07T09:31:33.971Z,2019-06-07T09:31:33.971Z,0,,1283.49,23-Jan-2019,
5cfa2eaa50e5a10008c6ede7,KOTAKBANK,EQ,N,1307.95,1273.1,1279.0,1291.75,1291.5,1267.6,9072680,11741959333.95,1417.0,1002.2,234775,INE237A01028,2019-01-22,2019-01-21T18:30:00.000Z,2019-06-07T09:30:19.574Z,2019-06-07T09:30:19.574Z,0,,1294.21,22-Jan-2019,
5cfa2ee78c50c4000831ef34,KOTAKBANK,EQ,N,1275.5,1222.65,1240.7,1267.6,1274.0,1240.2,9785366,12269229626.0,1417.0,1002.2,256765,INE237A01028,2019-01-21,2019-01-20T18:30:00.000Z,2019-06-07T09:31:19.399Z,2019-06-07T09:31:19.399Z,0,,1253.83,21-Jan-2019,
5cfa2ea2fe058700082b413a,KOTAKBANK,EQ,N,1243.0,1216.5,1220.1,1240.2,1240.2,1219.95,2598572,3206189774.2,1417.0,1002.2,79534,INE237A01028,2019-01-18,2019-01-17T18:30:00.000Z,2019-06-07T09:30:10.950Z,2019-06-07T09:30:10.950Z,0,,1233.83,18-Jan-2019,
5cfa2eb650e5a10008c6f5dd,KOTAKBANK,EQ,N,1225.05,1200.0,1208.0,1219.95,1217.8,1202.75,3934500,4769373428.8,1417.0,1002.2,83580,INE237A01028,2019-01-17,2019-01-16T18:30:00.000Z,2019-06-07T09:30:30.537Z,2019-06-07T09:30:30.537Z,0,,1212.19,17-Jan-2019,
5cfa2e9efe058700082b3e9e,KOTAKBANK,EQ,N,1216.95,1198.0,1215.7,1202.75,1201.85,1213.4,2374649,2857766478.8,1417.0,1002.2,59998,INE237A01028,2019-01-16,2019-01-15T18:30:00.000Z,2019-06-07T09:30:07.161Z,2019-06-07T09:30:07.161Z,0,,1203.45,16-Jan-2019,
5cfa2eb718f90d00082104fe,KOTAKBANK,EQ,N,1220.0,1210.3,1217.0,1213.4,1216.0,1211.75,1153871,1401589745.55,1417.0,1002.2,25439,INE237A01028,2019-01-15,2019-01-14T18:30:00.000Z,2019-06-07T09:30:32.078Z,2019-06-07T09:30:32.078Z,0,,1214.68,15-Jan-2019,
5cfa2eb918f90d0008210642,KOTAKBANK,EQ,N,1224.45,1206.4,1217.0,1211.75,1210.0,1223.2,1364695,1656657216.35,1417.0,1002.2,49971,INE237A01028,2019-01-14,2019-01-13T18:30:00.000Z,2019-06-07T09:30:33.909Z,2019-06-07T09:30:33.909Z,0,,1213.94,14-Jan-2019,
5cfa2eb19ebde10008cb097a,KOTAKBANK,EQ,N,1229.2,1213.2,1225.0,1223.2,1218.5,1219.55,2129299,2599403970.05,1417.0,996.0,44931,INE237A01028,2019-01-11,2019-01-10T18:30:00.000Z,2019-06-07T09:30:26.501Z,2019-06-07T09:30:26.501Z,0,,1220.78,11-Jan-2019,
5cfa2ebd2aff480008aa85ce,KOTAKBANK,EQ,N,1242.0,1216.35,1239.0,1219.55,1218.0,1238.25,1651443,2025330771.6,1417.0,996.0,48553,INE237A01028,2019-01-10,2019-01-09T18:30:00.000Z,2019-06-07T09:30:40.197Z,2019-06-07T09:30:40.197Z,0,,1226.4,10-Jan-2019,
5cfa2ee22dd783000744770e,KOTAKBANK,EQ,N,1244.0,1228.1,1237.35,1238.25,1236.7,1228.9,1647622,2038062923.9,1417.0,996.0,67045,INE237A01028,2019-01-09,2019-01-08T18:30:00.000Z,2019-06-07T09:31:15.633Z,2019-06-07T09:31:15.633Z,0,,1236.97,09-Jan-2019,
5cfa2ee22dd78300074476f4,KOTAKBANK,EQ,N,1244.2,1225.95,1243.0,1228.9,1228.0,1246.6,1661528,2049409516.15,1417.0,996.0,58461,INE237A01028,2019-01-08,2019-01-07T18:30:00.000Z,2019-06-07T09:31:15.761Z,2019-06-07T09:31:15.761Z,0,,1233.45,08-Jan-2019,
5cfa2ec42aff480008aa8a0c,KOTAKBANK,EQ,N,1254.0,1241.0,1250.95,1246.6,1244.2,1247.95,1211456,1510880049.8,1417.0,996.0,30308,INE237A01028,2019-01-07,2019-01-06T18:30:00.000Z,2019-06-07T09:30:45.101Z,2019-06-07T09:30:45.101Z,0,,1247.16,07-Jan-2019,
5cfa2ecdaa58de00086b9217,KOTAKBANK,EQ,N,1252.0,1230.0,1238.0,1247.95,1245.1,1235.25,1468796,1824256763.45,1417.0,992.5,50590,INE237A01028,2019-01-04,2019-01-03T18:30:00.000Z,2019-06-07T09:30:53.391Z,2019-06-07T09:30:53.391Z,0,,1242.01,04-Jan-2019,
5cfa2ed0aa58de00086b9400,KOTAKBANK,EQ,N,1251.0,1227.65,1240.0,1235.25,1233.0,1240.6,1825888,2258314240.6,1417.0,992.5,40004,INE237A01028,2019-01-03,2019-01-02T18:30:00.000Z,2019-06-07T09:30:56.764Z,2019-06-07T09:30:56.764Z,0,,1236.83,03-Jan-2019,
5cfa2ee52dd78300074478b4,KOTAKBANK,EQ,N,1248.25,1227.0,1247.9,1240.6,1241.0,1250.45,1713677,2123441233.45,1417.0,992.5,50162,INE237A01028,2019-01-02,2019-01-01T18:30:00.000Z,2019-06-07T09:31:19.674Z,2019-06-07T09:31:19.674Z,0,,1239.11,02-Jan-2019,
5cfa2eba18f90d000821073e,KOTAKBANK,EQ,N,1256.0,1242.25,1254.0,1250.45,1249.0,1256.5,1202580,1503135301.95,1417.0,992.5,29498,INE237A01028,2019-01-01,2018-12-31T18:30:00.000Z,2019-06-07T09:30:34.861Z,2019-06-07T09:30:34.861Z,0,,1249.93,01-Jan-2019,
